SM:2021-08-13T06:08:47.0393427Z
LM:2021-08-13T06:08:51.8858223Z
CT:image/jpeg
MA:2592000
CL:516667
